# my good file
3856
-6693
8377
75
1920
3265
4578
7372
6407
8862
1607
-790
9655
6195

5358
3553
7098
4088
-666
8508
358
-8541
-5144
-1223
-5908
8930
-2585
4919
0
156
-6689
7421
5947
-6610
-6176
791
3851
-4223
-6429
7251
9126
-2485
1501
-6938
3725
6855
9561
-6510
-151
-6373
6796
1139
-8319
9125
327
3232
2078
1035
-433
-6118
3794
7151
-3437
5034
2419
-900
7462
4394
8008
7746
-8554
7436
7431
140
-9530
-6431
449
7512
1454
3454
-7520
-4538
2414
-2612
8743
9753
4113
3674
8020
2832
2998
5350
6100
-5489
6407
some 1234
-695
-3537
-5319
-7599
-9735
3151
8314
93
-9976
-2479
-9132
2738
-1840
-4309
6115
-4429
1444
-1195
9572
6193
8346
-5816
7866
9372
-5162
2238
3167
767
947
3934
4151
-3335
4881
2101
-8414
7311
-9618
bad data
-7215
-5489
-7693
8834
721
-5996
4487
-2837
-6762
-2302
9017
-4056
1608
9370
-2123
-5435
9760
4008
-1569
880
-3185
8770
1813
1407
8956
-786
6771
-975
5213
2896
5783
-3815
8718
-1783
-4724
1260
2781
7956
522
-9263
9453
2481
-9447
90
5730
-2894
7201
2776
-3712
-6596
-4781
-6495
-5559
1500
-464
4423
9101
5305
5710
-568
-1139
-1491
5407

-7453
-5276
3109
2534
7973
